BFS ALGORITHM OUTPUTS AND RANKINGS
====================================================================================================

Generated: 2026-02-26T20:46:46.110099
Total sources analyzed: 2048

TOP 20 SOURCES BY NODES VISITED
====================================================================================================
Rank | Source ID |   Visited   | Max Depth | % Coverage
----------------------------------------------------------------------------------------------------
   1 |      1922 |       2,288 |         7 |     79.97%
   2 |      2747 |       2,286 |         7 |     79.90%
   3 |       642 |       2,285 |         8 |     79.87%
   4 |       404 |       2,285 |         7 |     79.87%
   5 |       291 |       2,284 |         8 |     79.83%
   6 |      2165 |       2,284 |         7 |     79.83%
   7 |      2043 |       2,284 |         7 |     79.83%
   8 |      2308 |       2,283 |         8 |     79.80%
   9 |      2302 |       2,283 |         7 |     79.80%
  10 |      2404 |       2,283 |         8 |     79.80%
  11 |       184 |       2,283 |        10 |     79.80%
  12 |      2834 |       2,283 |         9 |     79.80%
  13 |      2146 |       2,283 |         8 |     79.80%
  14 |      2162 |       2,282 |         7 |     79.76%
  15 |      1764 |       2,282 |         8 |     79.76%
  16 |      1722 |       2,282 |         8 |     79.76%
  17 |      2655 |       2,282 |         8 |     79.76%
  18 |      2154 |       2,282 |        10 |     79.76%
  19 |      1916 |       2,281 |         8 |     79.73%
  20 |      1645 |       2,281 |         7 |     79.73%

TOP 20 SOURCES BY MAX DEPTH REACHED
====================================================================================================
Rank | Source ID | Max Depth |   Visited   | Nodes/Depth Ratio
----------------------------------------------------------------------------------------------------
   1 |      1861 |        11 |       2,278 |            207.09
   2 |      1789 |        11 |       2,279 |            207.18
   3 |      1788 |        11 |       2,279 |            207.18
   4 |      2538 |        10 |       2,280 |            228.00
   5 |      2189 |        10 |       2,278 |            227.80
   6 |      2154 |        10 |       2,282 |            228.20
   7 |       184 |        10 |       2,283 |            228.30
   8 |       941 |        10 |       2,278 |            227.80
   9 |      1181 |        10 |       2,278 |            227.80
  10 |       657 |        10 |       2,278 |            227.80
  11 |      2062 |        10 |       2,278 |            227.80
  12 |      1453 |        10 |       2,279 |            227.90
  13 |       383 |        10 |       2,278 |            227.80
  14 |      1559 |         9 |       2,278 |            253.11
  15 |      2058 |         9 |       2,278 |            253.11
  16 |       818 |         9 |       2,278 |            253.11
  17 |      2121 |         9 |       2,280 |            253.33
  18 |       701 |         9 |       2,278 |            253.11
  19 |       996 |         9 |       2,278 |            253.11
  20 |       993 |         9 |       2,278 |            253.11

ALGORITHM STATISTICS
====================================================================================================
  Total sources:        2048
  Avg nodes visited:    523.07
  Min nodes visited:    1
  Max nodes visited:    2,288
  Avg max depth:        1.91
  Min depth reached:    0
  Max depth reached:    11
