
Rank | Protein ID                     | Cluster | Cluster Size | Influence
--------------------------------------------------------------------------------
1    | 9606.ENSP00000001008         | 2       | 1            | 2.000000
2    | 9606.ENSP00000004531         | 11      | 1            | 2.000000
3    | 9606.ENSP00000004982         | 12      | 1            | 2.000000
4    | 9606.ENSP00000005286         | 18      | 1            | 2.000000
5    | 9606.ENSP00000005386         | 20      | 1            | 2.000000
6    | 9606.ENSP00000005587         | 21      | 1            | 2.000000
7    | 9606.ENSP00000005995         | 18868   | 1            | 2.000000
8    | 9606.ENSP00000006526         | 26      | 1            | 2.000000
9    | 9606.ENSP00000006658         | 27      | 1            | 2.000000
10   | 9606.ENSP00000006724         | 28      | 1            | 2.000000
11   | 9606.ENSP00000006777         | 29      | 1            | 2.000000
12   | 9606.ENSP00000007390         | 30      | 1            | 2.000000
13   | 9606.ENSP00000007414         | 31      | 1            | 2.000000
14   | 9606.ENSP00000007699         | 32      | 1            | 2.000000
15   | 9606.ENSP00000008391         | 34      | 1            | 2.000000
16   | 9606.ENSP00000008527         | 4108    | 1            | 2.000000
17   | 9606.ENSP00000009105         | 38      | 1            | 2.000000
18   | 9606.ENSP00000009530         | 14564   | 1            | 2.000000
19   | 9606.ENSP00000010299         | 40      | 1            | 2.000000
20   | 9606.ENSP00000011473         | 42      | 1            | 2.000000
--------------------------------------------------------------------------------