
Rank | Protein ID                     | Cluster | Cluster Size | Influence
--------------------------------------------------------------------------------
1    | 9606.ENSP00000002165         | 5       | 1            | 2.000000
2    | 9606.ENSP00000005226         | 14      | 1            | 2.000000
3    | 9606.ENSP00000005286         | 18      | 1            | 2.000000
4    | 9606.ENSP00000005995         | 22      | 1            | 2.000000
5    | 9606.ENSP00000006526         | 26      | 1            | 2.000000
6    | 9606.ENSP00000006658         | 27      | 1            | 2.000000
7    | 9606.ENSP00000006724         | 28      | 1            | 2.000000
8    | 9606.ENSP00000006777         | 29      | 1            | 2.000000
9    | 9606.ENSP00000007414         | 31      | 1            | 2.000000
10   | 9606.ENSP00000008391         | 34      | 1            | 2.000000
11   | 9606.ENSP00000009041         | 37      | 1            | 2.000000
12   | 9606.ENSP00000010299         | 40      | 1            | 2.000000
13   | 9606.ENSP00000011473         | 42      | 1            | 2.000000
14   | 9606.ENSP00000011619         | 43      | 1            | 2.000000
15   | 9606.ENSP00000011898         | 45      | 1            | 2.000000
16   | 9606.ENSP00000012049         | 46      | 1            | 2.000000
17   | 9606.ENSP00000013222         | 50      | 1            | 2.000000
18   | 9606.ENSP00000014930         | 53      | 1            | 2.000000
19   | 9606.ENSP00000016913         | 19131   | 1            | 2.000000
20   | 9606.ENSP00000016946         | 56      | 1            | 2.000000
--------------------------------------------------------------------------------